0
0.120192308
0.120192308
0.120192308
0.120192308
0.120192308
0.120192308
0.169977592
0.120192308
0
0.169977592
0.169977592
0.120192308
0.120192308
0
0.169977592
0.169977592
0.169977592
0.169977592
0.433359528
0.339955183
0.339955183
0.26875817
0.26875817
0.26875817
0.26875817
0.38008145
0.360576923
0.49556558
0.537516341
0.49556558
0.49556558
0.49556558
0.480769231
0.647255385
0.612862922
0.480769231
0.721153846
0.841346154
0.969021364
0.849887958
0.849887958
0.961538462
0.961538462
0.969021364
0.969021364
1.088387637
1.088387637
1.207917743
1.343790852
1.343790852
1.32756743
1.32756743
1.462202531
1.580882985
1.580882985
1.806886584
1.938042728
2.296270814
2.3119452
2.415835486
2.430738992
2.3119452
2.430738992
2.430738992
2.415835486
2.668702321
2.774854899
2.907064092
3.014407741
3.145733733
3.043026178
3.161765971
3.161765971
3.161765971
3.384646115
3.518577204
3.518577204
3.74336815
3.863018913
3.756850867
3.863018913
3.756850867
3.892820851
4.011615209
4.249439791
4.47302742
4.592541628
4.712090333
4.831670972
4.592541628
4.606674975
4.606674975
4.606674975
4.831670972
4.84510682
4.964393372
4.964393372
5.070919017
5.083722592
5.070919017
4.964393372
4.964393372
5.190582423
5.083722592
5.203091544
5.218339747
5.473700739
5.441938184
5.322497554
5.441938184
5.322497554
5.337404642
5.441938184
5.322497554
5.57567957
5.57567957
5.441938184
5.441938184
5.354968608
5.337404642
5.429979326
5.561411203
5.441938184
5.549709798
5.561411203
5.669459815
5.8004464
5.669459815
5.669459815
5.561411203
5.429979326
5.322497554
5.561411203
5.680914566
5.694883529
5.694883529
5.561411203
5.337404642
5.218339747
4.861477985
4.623890399
4.623890399
4.623890399
4.84510682
4.831670972
4.951281232
4.980372441
4.84510682
4.725866166
