0
0.0808584387102773
0.07846357358497584
0.16171010868020136
0.08326007259172734
0.0808584387102773
0.07846357358497584
0.16422589015557876
0.16422589015557876
0.0808584387102773
0.24518458779213276
0.0808584387102773
0.16171010868020136
0.16171010868020136
0.16422589015557876
0.2425546888176678
0.16422589015557876
0.16422589015557876
0.24518458779213276
0.32613584321031663
0.3288875926100184
0.4070793342875593
0.49099520451980205
0.48801473909868637
0.40994545887570655
0.4070793342875593
0.24518458779213276
0.32613584321031663
0.4850426817154969
0.5689417359043346
0.5720365064462475
0.7340924877629743
0.5689417359043346
0.6498600031683969
0.7340924877629743
0.7307692195640453
0.815106521999938
0.8082412988648793
0.8925592155283282
1.1351683076179548
0.9697839746679028
1.1390620999184373
1.1351683076179548
1.1312854893865991
1.2160164835689355
1.300975051361091
1.4628413538353626
1.5482319862660465
1.5437562107613567
1.5482319862660465
1.4672030385733974
1.5437562107613567
1.6246584448851629
1.786423766751251
1.8722178057086871
1.9481347666128823
2.1905938411461956
2.271383615154422
2.600338269047891
2.761965922326152
2.8427537257790183
2.761965922326152
2.681160664786192
2.849064528651737
2.8427537257790183
3.0108130629820877
3.172487689452371
3.3340858859087215
3.5763343749973706
3.6570429366295976
3.8183967837333475
3.8260836269803002
3.906840910118658
3.8183967837333475
3.906840910118658
4.14084266262974
4.148979428121858
4.310290889150767
4.471508085208427
4.552080562292051
4.471508085208427
4.462922938793078
4.471508085208427
4.650320514718884
4.802707135852652
5.05380119654032
5.205367866296035
5.446642217665138
5.527011499602335
5.6979740759079744
5.537098663538863
5.456618247427268
5.376109761459595
5.456618247427268
5.617550707057813
5.788817595757706
5.949740032123914
6.110542463214161
6.099650274533979
6.110542463214161
6.030156398348524
6.030156398348524
5.9390691237350355
6.030156398348524
6.110542463214161
6.190897927558243
6.282366648221868
6.431777736510676
6.4431427349727315
6.4431427349727315
6.523483042477405
6.351515861583919
6.362770504401115
6.4431427349727315
6.51200782141847
6.523483042477405
6.523483042477405
6.6037911301941445
6.431777736510676
6.4431427349727315
6.362770504401115
6.51200782141847
6.431777736510676
6.431777736510676
6.500564686057762
6.672371439692662
6.752504384170589
6.752504384170589
6.672371439692662
6.672371439692662
6.523483042477405
6.351515861583919
6.282366648221868
6.431777736510676
6.672371439692662
6.764309463107619
6.776147647632902
6.672371439692662
6.523483042477405
6.282366648221868
5.949740032123914
5.799296122625873
5.627777561366983
5.627777561366983
5.949740032123914
5.788817595757706
5.858733584641726
5.949740032123914
5.708312127432061
5.617550707057813
