0
0.141935149
0.141935149
0.00562178
0.141935149
0.00562178
0.005649705
0.14793674
0.00562178
0
0.135963216
0.14793674
0.141935149
0.141963073
0
0.14793674
0.14793674
0.14793674
0.14793674
0.439157479
0.296578775
0.296578775
0.290193895
0.290193895
0.290193895
0.290193895
0.432419428
0.425714741
0.574611595
0.581702569
0.574611595
0.574611595
0.574611595
0.567555725
0.724212293
0.716768659
0.567555725
0.851131438
0.992862721
1.143011876
1.000970532
1.000970532
1.134553998
1.134553998
1.143011876
1.143011876
1.285011186
1.285011186
1.426966739
1.578430177
1.578430177
1.568876812
1.568876812
1.720643516
1.862807577
1.862807577
2.136027989
2.288986875
2.714660843
2.727068281
2.856431909
2.869188242
2.727068281
2.869188242
2.869188242
2.856431909
3.153236182
3.281360604
3.437016821
3.564309136
3.720516633
3.593368101
3.735429641
3.735429641
3.735429641
4.003722173
4.161162835
4.161162835
4.427949529
4.569197096
4.444591999
4.569197096
4.444591999
4.603254421
4.745107128
5.028551615
5.292847167
5.433909407
5.574877705
5.71575045
5.433909407
5.453041303
5.453041303
5.453041303
5.71575045
5.735563981
5.876679319
5.876679319
5.997202871
6.017695175
5.997202871
5.876679319
5.876679319
6.137779359
6.017695175
6.15860995
6.179543219
6.483458011
6.440129881
6.299422047
6.440129881
6.299422047
6.320694442
6.440129881
6.299422047
6.602680208
6.602680208
6.440129881
6.440129881
6.342071868
6.320694442
6.418624972
6.580731872
6.440129881
6.558890953
6.580731872
6.699050299
6.861612043
6.699050299
6.699050299
6.580731872
6.418624972
6.299422047
6.580731872
6.721226448
6.743511578
6.743511578
6.580731872
6.320694442
6.179543219
5.755475385
5.472267835
5.472267835
5.472267835
5.735563981
5.71575045
5.856526038
5.896932082
5.735563981
5.59435077
