0
0.0685529950508341
0.09694857534218528
0.1371059901016682
0.09694857534218528
0.0685529950508341
0.09694857534218528
0.15328915699487172
0.15328915699487172
0.0685529950508341
0.21678360478688619
0.0685529950508341
0.1371059901016682
0.1371059901016682
0.15328915699487172
0.20565898515250233
0.15328915699487172
0.15328915699487172
0.21678360478688619
0.28265123954703375
0.30657831398974345
0.3495530594794327
0.43356720957377237
0.416991589634933
0.36916917637141766
0.3495530594794327
0.21678360478688619
0.28265123954703375
0.41131797030500467
0.48474287671092636
0.49907333720937586
0.6320273855517443
0.48474287671092636
0.5526919155176594
0.6320273855517443
0.6207737725581312
0.6991061189588654
0.6855299505083411
0.7571925791459143
0.962187137045917
0.8226359406100093
0.9694857534218527
0.962187137045917
0.9597419307116776
1.0305774922243203
1.1053838310353188
1.2415475451162623
1.3186431883806489
1.309703131480751
1.3186431883806489
1.2509747689047992
1.309703131480751
1.3778981474323975
1.5143851582918286
1.5900748611862747
1.6509747471281984
1.856001919344991
1.924374274091834
2.2033150169106994
2.3398574309051896
2.408152653583774
2.3398574309051896
2.271577737437743
2.414973249308499
2.408152653583774
2.5512400290170594
2.687592171719102
2.824017312687043
3.0287703165836573
3.097047997565973
3.233638309277694
3.240171651842269
3.3083479382909577
3.233638309277694
3.3083479382909577
3.506939671902079
3.5129647707505716
3.6494410820927183
3.785962895729572
3.8542393549596587
3.785962895729572
3.78037292203654
3.785962895729572
3.9368762114384657
4.065487385265926
4.277289400637009
4.406630033821399
4.611431113574135
4.679714861810379
4.822643516013391
4.686237814979587
4.6180505179063704
4.549874211402643
4.6180505179063704
4.754435629747751
4.898062324112934
5.03432957924501
5.170641178719654
5.163820049354429
5.170641178719654
5.102480058034119
5.102480058034119
5.027323504162491
5.102480058034119
5.170641178719654
5.238812525923004
5.3145153978460264
5.443384084135734
5.45071756841608
5.45071756841608
5.518835438602931
5.375184343438204
5.382610746576485
5.45071756841608
5.51159258972959
5.518835438602931
5.518835438602931
5.586963953023179
5.443384084135734
5.45071756841608
5.382610746576485
5.51159258972959
5.443384084135734
5.443384084135734
5.50519392739307
5.648034625374086
5.716267558114048
5.716267558114048
5.648034625374086
5.648034625374086
5.518835438602931
5.375184343438204
5.3145153978460264
5.443384084135734
5.648034625374086
5.723251394021114
5.731046786464317
5.648034625374086
5.518835438602931
5.3145153978460264
5.03432957924501
4.906210987525106
4.761843220263713
4.761843220263713
5.03432957924501
4.898062324112934
4.959087840681074
5.03432957924501
4.829946498616998
4.754435629747751
